Query1:
27.07
9.36
9.69
9.99
7.83
8.41
7.94
7.66
7.58
7.66
19.7
9.99
10.58
11.32
8.16
8.49
8.07
8.12
8.13
8.12
8.08
8.13
8.83
7.93
8.02
8.32
8.33
8.32
8.36
8.48
8.25



Query2:
72.86
15.47
15.09
14.98
15.32
15.1
14.2
14.88
14.91
14.36
42.6
15.54
15.27
15.47
15.44
16.07
15.09
15.62
16.57
17.33
16.28
17.8
16.66
20.36
20.76
19.64
18.13
18.33
16.46
15.87
16.3



Query3:
136.42
66.05
76.39
75.61
79.93
88.1
92.45
81.31
84.94
83.84
128.43
118.37
81.12
80.42
85.6
89.69
90.51
72.76
79.35
77.49
72.35
71.27
72.19
68.94
68.83
68.53
68.97
69.05
74.38
70.42
66.69



Query4:
46.31
23.71
23.69
23.02
22.9
34.04
18.8
19.15
18.63
18.3
33.14
25.41
23.68
23.73
23.55
25.49
23.29
19.92
19.33
19.78
19.42
19.37
19.12
18.9
19.45
19.28
19.11
19.28
19.7
18.65
19.28



Query5:
453.27
386.35
352.73
335.67
340.12
350.61
333.52
319.64
330.53
394.39
406.72
362.45
343.27
338.43
339.0
351.52
335.94
329.94
333.91
361.55
370.86
380.71
349.84
338.47
318.06
324.1
318.62
338.93
375.26
352.36
336.06



