Query1:
26.23
11.68
11.43
10.74
9.66
9.67
9.53
9.24
9.61
9.78
18.89
12.55
16.61
10.69
10.06
9.69
9.66
9.82
9.91
12.02
10.08
10.06
10.65
10.08
9.98
9.78
10.22
10.36
10.19
10.21
10.36



Query2:
65.1
17.95
19.96
17.38
17.64
17.41
18.67
34.68
20.19
21.81
50.5
21.6
23.88
26.66
24.23
32.14
20.37
21.1
20.31
18.74
18.27
18.01
18.14
19.97
17.77
17.53
17.12
16.75
16.74
16.64
25.84



Query3:
169.67
105.22
105.2
121.9
140.45
132.89
122.0
106.9
126.66
112.58
192.58
125.02
129.17
102.51
94.71
93.48
95.42
92.82
92.64
95.21
95.39
90.63
94.89
93.7
92.01
89.68
85.32
80.7
85.25
78.29
74.12



Query4:
48.26
27.41
27.28
26.2
23.54
20.81
20.47
21.58
24.51
21.27
37.11
26.2
27.58
27.53
24.09
22.36
22.71
21.75
21.58
22.05
21.68
22.0
22.42
23.1
22.48
22.99
23.73
23.89
23.14
23.96
23.33



Query5:
515.64
527.83
453.25
452.25
417.45
451.65
464.52
495.47
479.16
443.28
438.94
435.16
432.32
441.28
422.93
432.51
422.86
471.8
466.94
436.41
425.74
417.57
418.79
418.75
427.59
421.92
422.75
425.5
417.02
425.89
413.61



