Query1:
22.0
6.84
6.61
6.47
6.53
7.96
5.66
5.5
5.36
5.5
13.61
6.85
7.06
7.11
7.16
6.56
8.4
8.71
8.23
6.35
5.71
5.55
5.73
5.67
5.79
5.77
5.77
5.96
5.66
5.71
5.78



Query2:
62.73
12.99
15.05
15.78
15.21
11.87
10.82
10.82
10.79
11.01
48.24
10.61
10.39
10.45
10.27
10.29
10.38
10.27
10.55
10.43
10.58
10.69
11.15
11.88
10.87
16.66
18.72
18.64
17.59
13.66
14.04



Query3:
136.51
48.83
47.85
45.48
43.9
44.36
58.83
51.63
46.58
52.39
94.54
67.01
57.37
61.38
67.29
61.05
59.88
67.75
63.45
61.23
59.73
57.3
54.57
74.82
75.15
53.56
52.8
65.78
49.97
49.76
52.3



Query4:
41.41
19.67
20.32
19.29
19.09
18.85
18.84
19.07
17.64
15.88
28.87
19.59
19.01
18.88
19.6
18.88
18.7
19.23
18.1
15.97
15.73
15.64
15.93
16.14
17.06
15.91
15.57
15.56
15.5
15.57
15.31



Query5:
328.4
288.77
263.53
237.14
233.31
229.84
221.6
221.1
224.93
236.15
258.14
240.62
229.69
223.47
225.51
221.84
226.24
265.13
245.22
237.03
231.3
223.04
222.53
222.56
232.62
247.8
244.24
232.14
224.0
220.98
222.37



