Query1:
4.11
3.25
3.08
3.32
3.13
3.13
3.13
3.29
3.17
3.15
3.23
3.09
3.25
3.14
3.1
3.19
3.14
3.19
3.08
3.0
3.1
3.12
3.05
3.95
3.07
3.14
3.15
3.08
3.23
4.54
3.91



Query2:
64.2
6.64
6.28
6.17
6.1
6.15
6.01
6.11
6.53
6.11
31.98
6.38
6.3
6.11
6.08
6.05
6.04
6.49
5.97
5.92
5.91
5.71
5.85
5.69
5.86
5.74
6.06
6.12
6.82
6.21
6.02



Query3:
68.66
26.97
23.85
19.07
19.51
19.53
20.45
20.26
20.38
20.71
42.61
28.05
27.71
21.4
21.56
21.6
21.66
22.18
23.66
22.58
23.04
22.87
22.97
22.88
22.89
23.65
23.85
24.59
22.5
23.3
22.4



Query4:
36.81
15.23
13.23
13.66
13.85
13.58
13.47
13.76
13.96
13.88
26.71
13.88
14.6
15.32
13.73
12.72
13.03
12.65
13.35
12.88
12.85
12.74
12.78
12.9
12.71
13.07
13.42
12.29
11.05
10.82
10.93



Query5:
433.82
147.08
138.58
134.1
129.23
124.2
127.93
128.11
125.04
129.52
143.76
136.49
126.7
153.12
136.31
133.03
128.45
128.23
126.67
129.24
125.03
126.13
120.17
123.5
120.06
127.99
122.84
126.61
121.67
126.09
125.75



Query1:
21.52
4.81
4.74
4.73
4.75
4.82
4.8
4.7
4.78
5.22
12.3
5.31
4.99
4.81
6.01
40.11
6.92
6.05
5.45
4.79
4.88
3.96
4.66
3.8
3.54
3.39
3.57
3.74
4.15
3.96
3.91



Query2:
66.75
6.69
6.63
6.69
6.83
6.65
6.64
6.86
6.76
7.1
32.0
6.97
7.26
6.96
6.63
7.43
6.98
6.85
6.85
7.0
6.77
6.85
6.6
6.89
6.93
6.93
6.77
6.94
6.79
6.77
7.08



Query3:
69.66
27.78
28.03
20.68
20.9
21.15
22.41
22.16
21.51
22.29
42.16
29.14
26.2
22.42
22.09
22.22
22.71
22.78
21.9
21.39
21.42
21.55
21.64
21.66
21.32
21.39
21.97
21.58
20.94
20.97
21.82



Query4:
36.86
14.14
12.97
13.02
13.06
13.44
12.95
13.19
13.14
12.97
22.81
12.97
12.69
16.5
13.05
12.46
12.25
12.25
12.05
12.15
13.05
12.22
12.33
12.37
12.12
13.15
15.33
13.16
10.27
10.74
10.13



Query5:
26.02
150.51
140.68
145.08
140.72
132.38
135.45
130.7
132.27
130.01
137.57
129.54
125.5
136.58
119.94
121.04
116.78
116.74
116.96
120.02
118.03
115.64
117.17
112.54
112.42
117.4
114.77
116.48
116.2
115.06
120.29



