Query1:
18.06
0.18
0.11
0.08
0.08
0.11
0.08
0.08
0.09
0.09
0.08
0.08
0.08
0.08
0.1
0.09
0.08
0.08
0.08
0.09
0.08
0.08
0.08
0.07
0.08
0.1
0.09
0.07
0.07
0.08
0.08



Query2:
30.13
0.66
0.63
0.42
0.49
0.44
0.54
0.43
0.47
0.4
0.4
0.48
0.4
0.52
0.41
0.47
0.4
0.49
0.4
0.44
0.44
0.4
0.52
0.41
0.45
0.4
0.45
0.4
0.42
0.45
0.4



Query3:
21.16
0.14
0.11
0.08
0.06
0.06
0.07
0.08
0.07
0.07
0.08
0.06
0.06
0.06
0.06
0.11
0.06
0.06
0.06
0.06
0.06
0.06
0.08
0.07
0.06
0.06
0.06
0.06
0.11
0.1
0.06



Query4:
34.18
5.09
4.87
6.91
5.48
5.45
5.77
6.4
6.2
5.31
4.93
4.85
4.99
4.86
4.99
4.85
4.59
4.47
4.43
5.15
4.87
4.66
4.77
4.78
4.67
4.68
4.82
5.78
4.62
5.44
4.74



Query5:
49.4
4.52
4.81
5.12
4.82
4.26
4.83
4.21
4.23
4.47
4.6
4.11
3.99
4.16
4.36
4.02
4.19
4.38
4.1
4.13
5.23
4.56
4.21
4.07
3.99
4.21
5.18
4.55
4.88
4.35
4.37



