Query1:
39.89
0.39
0.31
0.37
0.21
0.23
0.27
0.28
0.19
0.22
0.24
0.26
0.2
0.23
0.29
0.21
0.21
0.22
0.21
0.2
0.27
0.25
0.35
0.27
0.27
0.21
0.2
0.19
0.3
0.21
0.19



Query2:
31.42
0.42
0.32
0.29
0.39
0.35
0.24
0.27
0.38
0.25
0.26
0.24
0.32
0.51
0.25
0.33
0.24
0.24
0.31
0.24
0.23
0.23
0.49
0.25
0.26
0.32
0.27
0.3
0.31
0.28
0.24



Query3:
38.9
0.17
0.07
0.07
0.07
0.07
0.07
0.07
0.07
0.09
0.07
0.07
0.07
0.07
0.07
0.07
0.07
0.07
0.07
0.11
0.07
0.07
0.07
0.07
0.07
0.06
0.06
0.06
0.06
0.06
0.06



Query4:
27.85
2.87
2.9
3.29
2.92
2.6
2.86
2.63
2.55
2.34
2.36
3.41
3.98
3.43
3.17
3.19
2.75
3.24
3.04
3.87
3.31
3.73
3.66
2.84
2.84
2.7
2.88
3.57
3.18
3.4
2.96



Query5:
25.99
2.21
2.16
2.19
2.12
2.23
2.09
2.26
2.22
2.03
2.22
2.05
2.06
2.06
2.05
2.07
2.37
2.62
3.46
2.64
3.16
4.36
4.45
3.07
2.97
3.16
2.68
2.43
2.4
2.44
2.93



