Query1:
18.57
0.22
0.09
0.08
0.09
0.08
0.08
0.08
0.13
0.11
0.12
0.09
0.08
0.08
0.09
0.08
0.08
0.08
0.08
0.08
0.08
0.11
0.08
0.08
0.09
0.08
0.08
0.08
0.08
0.08
0.08



Query2:
23.04
1.15
1.02
0.89
0.86
0.93
0.89
0.88
0.88
0.86
0.85
0.89
0.85
0.84
0.85
0.84
0.86
0.79
0.74
0.82
0.9
0.98
0.83
0.9
0.91
0.75
0.79
0.75
0.75
0.74
0.74



Query3:
57.61
0.38
0.1
0.08
0.07
0.07
0.07
0.11
0.07
0.07
0.1
0.09
0.07
0.07
0.07
0.07
0.07
0.07
0.07
0.07
0.07
0.07
0.11
0.11
0.07
0.08
0.07
0.07
0.07
0.07
0.1



Query4:
39.44
9.54
9.28
9.69
9.17
8.65
9.71
8.71
9.33
9.09
8.6
8.23
8.93
9.16
10.32
9.85
9.42
8.94
9.8
10.87
10.89
9.48
9.71
8.97
9.59
9.06
9.19
9.62
9.25
9.03
8.25



Query5:
40.29
8.97
7.86
8.6
7.9
8.47
7.66
8.57
8.59
8.58
8.4
8.24
8.36
8.29
7.89
8.55
8.0
8.04
7.49
8.51
8.04
8.56
7.78
8.27
7.98
7.97
8.05
8.59
11.24
9.83
8.46



