Query1:
34.18
0.53
0.53
0.38
0.37
0.43
0.3
0.46
0.36
0.64
0.43
0.35
0.31
0.38
0.38
0.3
0.3
0.32
0.3
0.32
0.3
0.3
0.37
0.58
0.44
0.38
0.4
0.3
0.41
0.36
0.47



Query2:
33.62
0.94
0.78
0.65
0.58
0.64
0.64
0.57
0.63
0.64
0.63
0.65
0.66
0.9
0.72
0.72
0.67
0.64
0.69
0.68
0.63
0.65
0.7
0.74
0.66
0.7
0.57
0.64
0.74
0.96
0.63



Query3:
27.99
0.22
0.12
0.09
0.08
0.08
0.09
0.09
0.09
0.08
0.08
0.08
0.11
0.08
0.08
0.09
0.11
0.08
0.08
0.08
0.08
0.08
0.08
0.11
0.08
0.08
0.09
0.08
0.08
0.08
0.08



Query4:
50.84
6.86
6.88
7.02
6.61
7.61
8.24
8.14
7.97
7.13
7.59
7.0
8.39
7.63
7.15
7.45
6.96
7.25
8.78
9.08
7.3
8.1
8.43
7.82
7.57
7.72
7.4
7.9
7.35
7.55
7.41



Query5:
53.41
7.0
6.96
6.96
6.83
6.95
6.9
6.91
6.95
6.81
6.84
6.87
6.83
6.97
6.9
7.22
7.05
7.28
7.46
7.41
7.22
7.07
7.06
7.0
7.08
7.11
7.51
8.91
7.82
7.58
8.04



